>> A=randn(6,6)

A =

   -2.0046   -2.3252   -2.1204   -0.0384   -0.2512    0.5246
   -0.4931   -1.2316   -0.6447    1.2274    0.4801   -0.0118
    0.4620    1.0556   -0.7043   -0.6962    0.6682    0.9131
   -0.3210   -0.1132   -1.0181    0.0075   -0.0783    0.0559
    1.2366    0.3792   -0.1821   -0.7829    0.8892   -1.1071
   -0.6313    0.9442    1.5210    0.5869    2.3093    0.4855

>> [T,Q,J]=prob3(A)

T =

    3.7764   -0.0000   -0.0000   -0.0000   -0.0000    0.0000
    2.2451    1.7288    0.0000   -0.0000    0.0000    0.0000
   -0.0000    1.5215    1.8307    0.0000   -0.0000   -0.0000
    0.0000   -0.0000    1.2955    1.9390    0.0000   -0.0000
    0.0000    0.0000    0.0000    0.5839    0.4890         0
   -0.0000    0.0000    0.0000         0    0.7710    1.4855


Q =

    1.0000         0         0         0         0         0
         0    0.5951   -0.1827    0.3673   -0.4421   -0.5311
         0   -0.4390   -0.4469   -0.3911    0.0739   -0.6702
         0   -0.2266    0.5167    0.5213    0.4553   -0.4501
         0    0.3206    0.6323   -0.6536   -0.0639   -0.2572
         0   -0.5468    0.3165    0.1146   -0.7666   -0.0042


J =

   -0.5308    0.2803    0.1221    0.4498    0.3367   -0.5559
   -0.6157   -0.1470   -0.1463    0.3624   -0.2700    0.6113
   -0.5615   -0.0553    0.0259   -0.7992    0.2055   -0.0082
   -0.0102    0.5308   -0.8136   -0.1034   -0.1886   -0.0993
   -0.0665   -0.7725   -0.4289    0.0601   -0.1194   -0.4438
    0.1389   -0.1352   -0.3421    0.1157    0.8495    0.3322

>> Q*A*J

ans =

    3.7764   -0.0000   -0.0000    0.0000    0.0000   -0.0000
    2.2451    1.7288    0.0000   -0.0000    0.0000    0.0000
   -0.0000    1.5215    1.8307   -0.0000         0    0.0000
   -0.0000   -0.0000    1.2955    1.9390    0.0000    0.0000
   -0.0000   -0.0000    0.0000    0.5839    0.4890         0
   -0.0000    0.0000    0.0000    0.0000    0.7710    1.4855

>> diary off
